40
40
40
40
39
21
21
21
21
21
21
21
40
21
21
21
21
40
21
21
21
21
21
40
21
21
21
21
21
21
21
21
21
40
21
21
21
21
21
21
21
21
21
39
32
32
40
40
32
21
21
21
21
21
40
21
21
40
40
21
21
21
21
21
21
39
32
21
21
32
21
40
32
32
21
40
21
21
21
21
40
32
21
21
21
21
21
21
39
21
21
21
21
39
40
32
21
21
21
21
40
21
39
40
21
21
21
21
21
21
21
21
9
10
18
39
21
21
39
39
21
21
21
39
39
21
21
21
40
21
21
21
40
40
21
21
21
21
21
21
21
40
40
21
21
21
21
21
21
21
21
21
21
21
21
21
21
21
21
40
21
21
21
21
39
39
21
21
21
21
21
21
21
21
21
21
21
21
21
14
18
58
58
58
58
58
58
58
58
47
60
10
10
58
10
58
58
9
9
10
10
10
10
58
10
10
18
47
9
9
47
47
47
47
10
58
58
9
58
58
40
21
21
39
40
40
40
40
40
40
40
40
21
40
21
40
40
21
21
21
21
21
21
21
21
21
21
21
21
21
21
21
21
21
40
21
21
21
21
21
21
21
