41
5
5
5
5
203
203
203
224
203
203
5
5
5
5
203
203
203
203
203
203
224
210
203
203
203
5
203
112
240
5
5
5
5
112
203
224
107
64
84
224
5
203
5
203
5
5
5
203
5
203
5
5
5
5
203
203
203
107
119
119
103
103
240
240
44
44
119
103
103
103
103
103
103
103
103
103
112
164
119
119
119
103
103
103
103
103
103
103
103
103
103
103
103
103
103
103
103
103
119
5
203
203
203
203
203
203
203
203
203
203
203
57
57
203
57
240
188
5
203
203
203
203
203
84
5
84
203
203
203
203
203
203
41
203
5
5
5
203
203
203
203
240
188
103
119
103
103
103
103
164
119
103
119
164
103
103
103
103
103
103
103
103
103
103
103
103
103
103
103
103
103
103
103
119
103
103
103
103
103
103
119
103
146
146
146
188
41
146
146
84
103
103
112
240
203
103
103
103
112
103
103
103
103
103
103
103
103
103
103
103
103
103
119
119
103
103
103
103
103
103
103
103
203
5
119
119
119
119
119
119
119
119
119
119
119
119
103
119
119
119
119
103
119
240
103
109
109
240
119
103
119
103
103
103
103
119
103
119
119
119
103
109
5
109
