2
2
2
9
2
9
9
9
9
9
9
9
2
2
2
2
2
2
2
2
2
2
9
2
2
2
2
2
2
9
4
4
11
13
13
13
13
13
13
13
13
10
13
13
13
13
13
13
13
13
13
13
4
11
11
4
13
13
13
10
9
9
2
9
2
2
9
9
9
9
9
2
2
2
9
9
9
9
9
2
9
9
9
4
4
9
2
9
9
2
9
9
9
9
2
2
2
2
2
4
9
2
10
10
10
10
9
10
10
10
10
9
2
2
9
9
9
9
9
9
9
9
9
10
9
10
10
5
10
9
10
10
5
5
13
10
10
5
10
9
9
10
9
2
9
9
9
9
9
9
9
9
9
9
9
9
9
9
9
9
9
9
2
9
9
9
10
10
9
9
9
9
2
9
10
3
9
9
9
9
9
2
9
9
3
3
3
3
3
3
3
3
3
3
3
3
3
3
3
3
3
3
3
3
3
3
3
3
3
3
3
3
3
3
3
3
3
3
3
3
3
3
3
3
10
10
10
10
10
10
10
10
10
10
10
10
10
10
10
10
10
10
10
9
9
10
10
10
10
10
10
10
10
10
10
10
10
10
10
10
10
10
10
10
10
