160
67
19
67
67
67
111
19
141
238
3
3
67
3
93
139
193
225
111
19
212
139
212
141
106
3
160
193
193
67
67
139
67
79
111
223
125
106
163
67
153
160
160
160
141
160
67
129
139
160
160
106
106
139
106
106
141
3
93
193
106
141
93
3
163
3
160
141
3
238
19
116
163
19
172
106
141
160
160
19
19
172
139
238
139
153
238
67
212
116
224
139
111
19
19
67
160
129
125
193
141
241
160
67
67
225
225
19
212
139
225
225
19
225
225
225
225
225
172
19
139
225
225
116
225
225
225
225
225
212
224
8
8
8
8
8
8
8
8
8
8
8
8
8
8
8
8
8
8
8
8
8
8
8
8
8
8
8
8
8
8
106
3
131
106
106
129
163
160
3
3
238
125
125
153
106
160
116
106
106
106
129
193
129
59
212
241
116
55
4
8
