22
22
4
4
55
4
4
4
4
4
4
4
4
55
55
39
34
34
43
39
55
4
5
34
4
34
43
4
55
39
39
39
39
39
5
5
4
4
4
4
4
4
4
4
4
55
34
4
4
34
4
55
4
34
34
34
34
34
4
55
34
55
55
34
34
4
24
57
4
4
55
55
39
39
39
39
39
39
39
39
39
39
39
39
39
39
39
39
39
39
39
39
39
39
39
39
39
39
39
4
4
4
39
39
39
39
39
39
39
39
39
39
39
39
39
39
39
39
39
39
39
39
39
39
39
39
39
39
39
39
39
5
5
5
5
5
5
5
5
5
43
5
39
39
5
39
39
39
39
39
39
39
39
39
39
39
4
39
5
5
39
22
22
22
22
22
22
22
22
22
22
22
4
4
22
22
22
4
4
22
4
34
34
22
22
5
4
34
22
22
22
