30
30
30
30
5
203
5
5
5
5
203
30
5
5
5
5
203
203
203
203
203
5
5
5
203
203
203
203
203
203
30
5
203
5
203
203
203
203
5
203
203
203
203
203
203
203
41
5
5
203
203
203
203
203
203
203
203
203
41
203
247
103
240
240
203
5
103
41
84
84
203
203
103
5
203
203
203
41
41
30
103
30
41
5
203
224
203
203
203
203
203
41
203
146
146
109
5
41
203
203
30
103
103
103
86
103
103
103
103
103
103
103
103
103
103
103
103
103
105
105
105
105
115
105
105
105
105
105
105
105
105
105
105
29
105
105
105
105
105
105
105
105
105
