83
83
97
92
127
129
129
127
127
127
127
127
129
129
127
129
127
129
129
127
127
129
127
127
127
127
129
129
129
129
129
127
127
127
127
129
129
127
127
129
129
127
127
129
129
127
127
129
127
127
129
129
127
127
127
127
127
129
127
-1
128
129
127
128
129
127
5
129
129
127
129
127
128
119
8
5
133
28
29
29
128
129
127
127
74
72
73
119
123
97
74
142
143
97
55
36
-1
123
124
74
132
133
108
109
110
111
112
113
114
115
116
117
118
89
90
26
24
25
91
1
2
3
4
45
81
-1
78
81
81
81
75
36
36
81
81
81
81
80
81
63
64
8
-1
-1
