126
127
128
129
130
131
132
133
134
135
136
137
138
139
140
141
142
143
73
129
130
131
132
133
134
135
136
137
138
139
140
141
142
143
139
140
141
142
143
130
131
132
133
134
135
136
137
138
139
140
141
142
143
136
-1
-1
-1
-1
-1
-1
126
127
128
129
130
131
132
133
134
135
136
137
138
139
140
141
142
143
140
141
142
143
132
133
134
135
136
137
138
139
140
141
142
143
135
136
137
138
139
140
141
142
89
89
42
113
89
113
89
113
114
113
89
113
114
89
90
113
113
113
114
42
89
90
113
113
113
89
90
42
42
123
113
89
89
101
102
42
42
43
89
120
121
-1
