130
131
132
133
134
135
136
137
138
139
140
141
142
143
90
96
97
127
128
90
133
3
106
113
139
140
126
127
128
143
142
143
131
127
128
97
129
130
131
132
133
134
135
96
25
26
96
97
126
127
127
95
96
128
135
136
137
138
127
128
127
128
2
133
134
135
136
137
138
139
127
128
131
132
133
54
55
60
119
120
76
119
120
121
120
121
121
96
67
96
44
84
126
44
45
46
47
24
126
93
94
95
96
49
50
137
126
66
67
68
69
70
71
31
43
44
45
46
113
131
51
52
117
118
68
69
70
46
29
68
92
24
25
26
13
41
127
56
78
73
74
2
3
-1
