170
170
25
25
25
25
25
25
25
25
227
25
25
25
25
25
25
25
25
227
126
126
25
64
3
3
94
94
25
126
126
126
126
25
25
25
94
94
94
94
126
25
25
140
227
126
126
255
94
94
94
94
94
25
126
255
255
255
170
119
119
119
119
119
119
119
119
119
119
119
119
119
119
119
119
119
119
119
119
119
119
119
119
119
119
119
119
119
119
119
119
119
119
119
119
119
119
119
119
119
119
126
126
255
255
255
126
126
255
236
255
255
14
227
126
94
94
255
255
126
126
3
126
126
126
126
14
126
126
25
126
227
227
126
25
227
126
25
3
126
255
3
