180
180
240
112
119
119
119
119
119
119
119
119
119
119
119
119
119
119
119
119
119
119
119
119
119
119
119
119
119
119
119
119
119
119
119
119
119
119
119
119
119
119
119
119
119
119
119
119
119
119
119
119
119
119
119
119
119
119
119
8
119
119
8
119
119
112
119
119
119
119
119
8
109
146
112
8
112
112
112
8
119
119
119
240
228
228
109
170
240
240
8
8
240
69
0
84
170
170
240
8
8
203
203
203
203
203
203
203
203
203
203
203
203
203
57
203
203
203
203
203
203
112
203
41
39
44
41
41
41
146
0
0
41
41
41
41
146
41
203
203
146
39
