233
233
233
233
234
113
252
253
254
255
256
257
233
247
248
249
250
233
253
254
255
256
257
233
243
244
245
246
247
248
249
250
251
233
259
260
261
262
263
264
265
266
267
114
0
0
233
233
0
260
261
262
263
264
233
241
242
233
233
-1
247
248
249
250
251
252
114
0
241
242
0
240
233
0
0
237
233
266
267
268
269
233
0
260
261
262
263
264
265
112
113
257
258
259
112
233
0
263
264
265
266
-1
233
111
112
233
259
260
261
262
263
264
265
266
45
138
127
123
124
125
112
109
121
265
266
122
123
124
125
126
233
256
257
258
233
233
239
240
241
242
243
244
-1
-1
261
233
233
238
239
240
241
242
243
244
245
246
247
248
249
250
251
252
253
233
239
240
241
242
114
115
113
126
126
264
265
266
267
268
269
253
254
255
256
-1
-1
-1
134
127
85
86
86
86
86
75
86
75
69
135
136
137
89
137
74
75
143
51
136
137
138
137
75
136
137
127
69
228
229
230
93
93
69
137
85
86
143
142
86
-1
233
238
239
122
233
233
233
233
233
233
233
233
260
233
248
233
233
248
249
250
251
252
253
254
255
256
257
258
259
260
261
262
263
264
233
260
261
262
263
264
265
266
