89
-1
-1
-1
-1
93
94
95
100
116
117
-1
-1
-1
-1
105
106
107
108
109
110
100
-1
107
108
109
-1
111
233
39
-1
-1
-1
-1
233
99
100
101
65
69
100
-1
106
-1
118
-1
-1
-1
122
-1
97
-1
-1
-1
-1
95
96
97
98
-1
235
236
237
238
39
39
-1
-1
236
237
238
239
240
241
242
243
244
245
233
234
235
236
10
237
238
239
240
241
242
243
244
245
246
247
248
249
250
251
252
253
37
-1
-1
102
103
104
105
106
107
108
109
110
111
112
232
232
111
232
39
128
-1
103
104
105
106
107
69
-1
69
104
105
106
107
108
109
92
93
-1
-1
-1
107
108
109
110
39
128
256
236
237
238
239
240
234
235
237
37
234
237
238
239
240
241
242
243
244
245
246
247
248
249
250
251
252
253
254
255
236
237
238
239
240
241
242
236
237
-1
228
229
230
231
77
45
46
69
249
250
233
39
96
237
238
239
233
242
243
244
245
246
247
248
249
250
251
252
253
254
235
236
237
238
239
240
241
242
243
244
106
-1
20
21
22
23
24
25
26
27
28
29
30
31
237
30
31
32
33
237
38
39
257
136
137
39
236
237
236
237
238
239
240
236
237
5
6
7
237
140
-1
142
-1
-1
