133
134
135
136
135
136
137
138
139
140
141
142
131
132
133
134
135
134
135
132
133
134
136
131
132
133
134
135
134
136
126
126
127
231
232
233
233
232
233
232
233
257
231
232
233
233
232
233
232
233
233
233
126
127
128
126
231
232
233
243
186
187
135
136
134
135
136
137
138
139
140
133
134
135
136
137
138
139
140
135
136
137
138
126
126
213
135
136
137
135
136
137
138
139
131
132
133
134
135
126
155
133
261
262
263
264
201
250
251
252
253
219
134
135
136
137
138
139
140
141
142
143
144
246
58
244
245
123
124
75
257
258
108
109
110
240
241
123
124
141
142
268
-1
-1
189
135
136
137
138
139
140
141
142
143
144
145
146
147
148
149
150
151
152
153
135
136
137
138
261
262
87
88
89
90
135
136
124
125
39
40
41
42
43
135
136
137
0
1
2
3
4
5
6
7
8
9
10
11
12
13
14
15
16
17
18
19
20
21
22
23
24
25
26
27
28
29
30
31
32
33
34
35
36
37
38
13
-1
-1
248
249
250
251
252
253
254
255
256
257
258
259
260
261
262
263
264
265
266
162
163
241
242
243
244
245
246
247
248
249
250
251
252
253
254
255
256
257
258
259
260
-1
