0
1
2
3
26
27
2
3
4
65
66
67
2
26
27
76
77
2
3
4
5
168
5
65
66
2
3
4
5
6
7
8
26
2
3
4
5
6
7
8
9
10
77
78
79
80
81
2
26
27
87
88
2
26
27
27
81
82
83
84
85
86
87
88
74
75
76
77
78
79
80
2
22
188
189
190
191
66
67
68
69
70
89
66
67
68
69
70
71
72
73
74
75
76
77
78
79
80
81
82
89
-1
24
25
26
27
75
76
77
78
79
80
81
82
83
84
85
86
87
88
167
72
73
74
75
76
77
78
79
80
2
26
5
6
7
94
94
94
94
94
94
94
94
94
94
94
94
94
9
10
94
94
94
94
94
94
94
94
94
94
94
94
23
115
94
94
94
70
94
94
9
10
11
12
13
14
94
94
94
94
94
94
94
94
94
25
26
2
3
4
5
6
