66
62
94
95
96
96
47
65
36
141
142
143
58
152
41
160
97
89
43
65
76
122
77
28
55
125
66
39
97
95
96
138
58
164
56
61
60
55
92
62
63
-1
66
66
66
37
66
59
93
103
66
66
55
55
119
55
55
33
162
41
97
55
40
41
139
92
124
66
28
140
141
64
69
91
65
99
55
35
66
66
64
65
100
122
141
126
42
141
59
67
68
165
113
54
64
65
95
66
93
60
39
40
78
66
95
96
89
89
64
77
116
89
89
64
89
89
89
89
89
100
94
119
89
89
70
89
89
89
89
89
85
165
1
2
3
4
5
6
7
8
9
10
11
12
13
14
15
16
17
18
19
20
21
22
23
24
25
26
23
24
25
26
55
144
49
55
55
93
92
66
139
140
141
98
98
52
55
66
71
55
55
55
93
39
93
-1
77
78
70
90
180
12
