8
9
168
169
64
86
87
88
89
89
170
169
170
65
66
67
165
166
-1
74
164
191
167
166
191
166
-1
170
66
67
68
69
70
71
167
167
168
169
170
169
170
87
87
88
89
164
165
88
89
166
169
49
168
165
166
166
166
166
168
164
165
65
66
165
166
190
53
54
86
87
64
65
67
68
69
70
71
72
73
74
75
76
77
78
79
80
81
82
83
84
85
76
77
78
79
80
81
82
83
86
87
88
67
68
69
70
71
72
73
74
75
76
77
78
79
80
81
82
83
84
85
74
75
76
77
78
79
80
81
82
83
-1
0
167
167
167
167
0
167
0
167
-1
0
78
79
167
75
76
77
78
79
80
81
82
83
84
85
86
81
0
167
72
1
2
3
4
5
6
7
8
9
10
11
169
170
25
26
27
168
169
9
86
165
166
7
8
167
168
166
3
4
5
