123
123
123
123
123
123
123
123
123
123
123
123
123
123
123
123
123
123
123
123
123
123
123
123
123
123
123
123
123
123
123
123
123
114
114
123
123
123
114
114
123
123
114
123
123
114
114
114
114
114
123
123
114
114
123
123
123
123
123
123
137
138
123
123
123
123
123
123
124
125
126
123
123
123
123
114
123
123
114
114
114
123
123
123
124
123
123
123
123
123
114
114
123
123
123
123
123
123
114
123
123
-1
123
123
123
123
123
123
123
123
123
123
123
123
123
123
123
123
123
123
123
123
123
123
123
123
123
123
123
123
123
123
123
123
123
123
123
123
123
123
114
114
123
-1
