105
123
123
106
105
105
126
123
124
105
105
124
123
105
106
122
105
137
138
139
115
115
106
122
123
124
105
105
127
128
129
130
131
132
133
134
135
136
137
138
139
140
141
123
124
123
124
125
126
127
128
129
105
123
124
125
126
127
128
-1
18
111
112
112
112
103
112
109
111
112
112
103
112
112
112
103
103
103
103
112
103
103
112
112
103
103
103
103
112
103
112
112
112
112
103
112
103
112
103
112
112
-1
124
125
126
127
128
129
130
131
132
133
134
135
136
137
138
139
140
141
142
143
128
129
123
123
124
125
126
127
105
124
125
126
127
105
105
127
128
129
130
131
132
105
