125
126
114
115
124
125
126
105
106
106
106
115
106
115
106
106
124
125
126
127
105
106
106
124
105
106
115
124
125
105
106
115
106
106
106
124
125
123
124
125
123
124
125
126
127
123
124
125
126
127
114
115
124
125
105
106
115
124
-1
-1
114
115
106
115
106
115
106
106
106
115
106
106
106
106
115
106
106
115
115
106
106
106
106
115
106
115
115
106
106
124
114
115
115
106
124
105
106
115
124
123
-1
-1
129
130
114
115
106
115
115
106
106
124
125
105
106
115
106
106
115
115
115
124
125
126
114
115
124
125
114
115
124
123
124
125
126
127
128
129
114
115
106
124
125
126
