101
53
53
53
53
53
53
53
69
53
53
105
189
105
144
105
75
75
149
224
114
114
203
75
144
144
69
69
69
53
53
53
105
29
105
105
149
53
53
53
69
103
103
224
112
103
103
103
103
30
103
103
112
8
8
75
112
224
103
103
8
8
8
103
103
103
8
103
103
103
103
103
8
112
103
240
8
109
109
103
103
109
109
69
8
149
109
103
240
112
103
103
103
112
112
103
103
103
103
103
103
203
203
41
41
84
104
41
193
64
64
145
84
64
64
41
39
84
84
146
146
0
203
104
104
203
203
203
203
203
114
203
203
203
203
203
84
146
203
203
203
146
