80
81
89
90
91
37
6
102
123
124
125
126
127
128
129
130
131
132
133
134
135
136
137
138
139
140
141
142
143
129
130
131
132
133
134
135
136
137
138
139
140
141
142
143
136
137
138
139
140
141
142
50
48
49
137
138
139
140
141
-1
90
91
92
93
94
95
112
100
54
120
77
83
125
126
1
29
101
82
83
132
133
134
135
136
137
138
139
140
141
142
143
135
136
137
138
139
140
141
142
143
138
139
125
126
127
128
129
130
131
132
133
134
135
136
137
138
50
85
86
87
116
117
40
129
33
34
13
106
107
51
32
33
85
91
85
90
91
92
37
17
87
13
13
18
