106
107
123
105
106
107
106
107
107
107
107
107
107
107
107
107
106
123
123
123
106
107
123
123
122
123
123
123
123
123
122
123
123
105
106
107
107
106
123
105
106
107
107
26
27
28
29
55
64
65
44
29
33
27
28
106
63
64
65
-1
123
123
123
123
123
123
123
123
123
123
123
123
124
125
126
127
128
123
124
123
123
124
125
126
127
128
129
130
131
132
123
123
123
123
123
123
123
124
125
126
127
123
122
123
123
123
123
123
123
123
123
123
123
123
123
123
123
123
123
123
123
123
123
123
123
123
123
123
123
124
125
126
127
123
123
123
124
125
123
123
123
123
123
-1
