86
224
119
119
119
119
119
119
119
119
119
119
119
119
119
119
119
119
119
119
119
119
119
119
119
119
119
119
119
119
119
119
119
119
119
119
119
119
119
119
119
119
119
119
119
119
119
119
119
119
119
119
119
119
119
119
119
119
119
119
78
78
119
112
30
103
103
103
103
202
103
103
103
103
103
103
103
103
103
103
103
103
78
103
134
240
134
8
202
8
103
30
8
103
30
78
8
134
8
8
75
112
112
112
112
202
103
134
136
103
134
78
103
101
101
8
75
228
228
78
30
119
8
8
30
103
78
78
228
8
101
202
75
188
101
8
8
202
78
103
78
134
