3
185
185
185
185
172
185
24
24
254
185
89
172
254
185
172
225
172
225
118
172
225
24
254
185
254
118
118
118
118
185
254
172
89
185
185
24
172
185
185
254
172
89
185
172
24
172
185
172
172
24
185
118
254
118
236
255
255
185
24
119
119
119
119
119
119
119
119
119
119
119
119
119
119
119
119
119
119
119
119
119
119
119
119
119
119
119
119
119
119
119
119
119
119
119
119
119
119
119
119
119
119
255
255
3
89
3
3
236
185
3
164
164
118
138
236
236
255
236
3
124
255
255
14
255
138
255
255
255
255
255
236
138
255
94
118
94
255
3
118
138
255
3
