78
119
119
119
119
119
119
119
119
119
119
119
119
119
119
119
119
119
119
119
119
119
119
119
119
119
119
119
119
119
119
119
119
119
119
119
119
119
119
119
119
119
119
119
119
119
78
109
112
78
119
119
119
119
119
119
119
119
119
187
187
187
187
187
187
187
187
78
187
187
187
187
187
187
187
187
187
5
187
187
187
187
187
187
187
187
30
187
187
187
187
187
187
187
5
0
187
30
30
203
187
203
203
203
203
240
112
203
5
30
78
78
78
78
30
78
78
78
78
78
78
78
78
78
78
78
240
203
112
30
5
78
78
5
78
78
5
78
78
203
78
78
78
